loyer	surface	loyer_m2
1330	37	35.945945945945944
1400	32	43.75
904	26	34.76923076923077
955	30	31.833333333333332
2545	70	36.357142857142854
970	24	40.416666666666664
1560	41	38.048780487804876
1960	67	29.253731343283583
2000	63	31.746031746031747
2600	70	37.142857142857146
3280	81	40.49382716049383
16000	347	46.10951008645533
980	26	37.69230769230769
1250	36	34.72222222222222
752	19	39.578947368421055
815	20	40.75
1147	25	45.88
1500	35	42.857142857142854
3587	120	29.891666666666666
1355	40	33.875
1245	30	41.5
1100	25	44.0
1120	21	53.333333333333336
1225	44	27.84090909090909
1250	35	35.714285714285715
1280	54	23.703703703703702
1114	39	28.564102564102566
1290	34	37.94117647058823
1300	28	46.42857142857143
1300	32	40.625
1304	40	32.6
1340	42	31.904761904761905
1344	31	43.354838709677416
1290	33	39.09090909090909
1364	39	34.97435897435897
1400	47	29.78723404255319
1400	33	42.42424242424242
1420	37	38.37837837837838
1420	42	33.80952380952381
1445	46	31.41304347826087
1500	37	40.54054054054054
1544	46	33.56521739130435
1550	42	36.904761904761905
1500	49	30.612244897959183
1612	48	33.583333333333336
1650	50	33.0
1533	54	28.38888888888889
1663	54	30.796296296296298
1584	45	35.2
1680	53	31.69811320754717
1700	40	42.5
1700	35	48.57142857142857
1700	40	42.5
1700	35	48.57142857142857
1700	60	28.333333333333332
1600	30	53.333333333333336
1700	34	50.0
1710	64	26.71875
1600	47	34.04255319148936
1750	43	40.69767441860465
1765	62	28.467741935483872
1790	50	35.8
1689	53	31.867924528301888
1795	50	35.9
1800	50	36.0
1700	60	28.333333333333332
1800	42	42.857142857142854
1850	52	35.57692307692308
1850	45	41.111111111111114
1750	41	42.68292682926829
1850	63	29.365079365079364
1850	53	34.905660377358494
1850	45	41.111111111111114
1875	53	35.37735849056604
1900	55	34.54545454545455
1950	46	42.391304347826086
1750	73	23.972602739726028
2000	53	37.735849056603776
2044	64	31.9375
2100	38	55.26315789473684
2100	65	32.30769230769231
2100	59	35.59322033898305
2100	47	44.680851063829785
2107	75	28.093333333333334
2116	83	25.49397590361446
2132	69	30.89855072463768
2000	68	29.41176470588235
2180	69	31.594202898550726
2100	72	29.166666666666668
2200	40	55.0
2200	50	44.0
2200	60	36.666666666666664
2216	68	32.588235294117645
2240	69	32.46376811594203
2249	35	64.25714285714285
2282	78	29.256410256410255
2300	65	35.38461538461539
2300	54	42.592592592592595
2320	60	38.666666666666664
2324	64	36.3125
2324	64	36.3125
2367	76	31.144736842105264
2400	70	34.285714285714285
2400	70	34.285714285714285
2445	71	34.436619718309856
2450	84	29.166666666666668
2450	90	27.22222222222222
2280	96	23.75
2250	89	25.280898876404493
2415	75	32.2
2470	55	44.90909090909091
2600	56	46.42857142857143
2650	56	47.32142857142857
2650	56	47.32142857142857
2675	91	29.395604395604394
2550	100	25.5
2700	73	36.986301369863014
2780	94	29.574468085106382
2800	50	56.0
2800	60	46.666666666666664
2850	90	31.666666666666668
2941	96	30.635416666666668
2941	96	30.635416666666668
3000	50	60.0
2800	83	33.734939759036145
3000	99	30.303030303030305
3000	88	34.09090909090909
3010	104	28.942307692307693
2950	85	34.705882352941174
3200	70	45.714285714285715
3200	60	53.333333333333336
3200	84	38.095238095238095
3234	103	31.398058252427184
3300	108	30.555555555555557
3420	70	48.857142857142854
3350	88	38.06818181818182
3130	101	30.99009900990099
3500	103	33.980582524271846
3700	70	52.857142857142854
3705	53	69.90566037735849
3705	53	69.90566037735849
3800	72	52.77777777777778
3900	91	42.857142857142854
3700	97	38.144329896907216
4000	135	29.62962962962963
4000	80	50.0
3850	116	33.189655172413794
4407	152	28.99342105263158
5000	159	31.446540880503143
5233	162	32.30246913580247
5249	137	38.31386861313869
5500	160	34.375
5600	157	35.6687898089172
5970	160	37.3125
6000	152	39.473684210526315
6000	152	39.473684210526315
7450	180	41.388888888888886
7280	182	40.0
10000	220	45.45454545454545
14300	347	41.210374639769455
15000	347	43.22766570605187
775	20	38.75
816	19	42.94736842105263
800	19	42.10526315789474
900	18	50.0
900	28	32.142857142857146
888	24	37.0
960	21	45.714285714285715
966	30	32.2
1000	19	52.63157894736842
1040	26	40.0
1048	31	33.806451612903224
1072	32	33.5
1090	20	54.5
1100	26	42.30769230769231
1150	21	54.76190476190476
1180	23	51.30434782608695
1200	30	40.0
1200	32	37.5
1200	20	60.0
1200	20	60.0
1218	28	43.5
1250	21	59.523809523809526
1250	34	36.76470588235294
1300	22	59.09090909090909
1329	35	37.97142857142857
1340	30	44.666666666666664
1500	32	46.875
1500	32	46.875
1550	59	26.271186440677965
1900	50	38.0
1910	71	26.901408450704224
2700	50	54.0
2950	82	35.97560975609756
2700	50	54.0
6500	161	40.37267080745342
7500	150	50.0
1048	31	33.806451612903224
1650	45	36.666666666666664
1100	29	37.93103448275862
1133	33	34.333333333333336
1500	45	33.333333333333336
1530	35	43.714285714285715
1520	55	27.636363636363637
1600	32	50.0
1620	54	30.0
1700	60	28.333333333333332
1820	46	39.56521739130435
1850	66	28.03030303030303
1939	71	27.309859154929576
1958	74	26.45945945945946
1750	87	20.114942528735632
2090	62	33.70967741935484
2102	68	30.91176470588235
2162	75	28.826666666666668
2150	80	26.875
2250	74	30.405405405405407
2359	80	29.4875
2400	112	21.428571428571427
2459	96	25.614583333333332
2400	112	21.428571428571427
2459	96	25.614583333333332
2535	86	29.476744186046513
2650	90	29.444444444444443
2650	98	27.040816326530614
2900	105	27.61904761904762
2950	70	42.142857142857146
3000	88	34.09090909090909
3234	105	30.8
3243	120	27.025
4200	117	35.8974358974359
4938	173	28.54335260115607
1100	31	35.483870967741936
700	23	30.434782608695652
880	21	41.904761904761905
930	15	62.0
940	27	34.81481481481482
950	21	45.23809523809524
950	21	45.23809523809524
1000	21	47.61904761904762
1380	36	38.333333333333336
1700	57	29.82456140350877
1740	49	35.51020408163265
2367	76	31.144736842105264
2800	83	33.734939759036145
3000	104	28.846153846153847
1365	44	31.022727272727273
855	20	42.75
1250	30	41.666666666666664
2132	69	30.89855072463768
2840	77	36.883116883116884
2614	96	27.229166666666668
693	19	36.473684210526315
1000	20	50.0
2200	27	81.48148148148148
1900	60	31.666666666666668
2347	72	32.59722222222222
3460	103	33.592233009708735
1100	25	44.0
1200	30	40.0
1313	40	32.825
1490	54	27.59259259259259
1850	59	31.35593220338983
1880	62	30.322580645161292
1900	64	29.6875
1900	48	39.583333333333336
2008	87	23.080459770114942
2960	106	27.92452830188679
3200	114	28.07017543859649
3220	110	29.272727272727273
3380	129	26.2015503875969
3950	125	31.6
645	15	43.0
682	17	40.11764705882353
745	20	37.25
1780	45	39.55555555555556
1595	54	29.537037037037038
4200	105	40.0
9500	150	63.333333333333336
973	29	33.55172413793103
1100	36	30.555555555555557
1851	50	37.02
1105	33	33.484848484848484
1200	40	30.0
1704	56	30.428571428571427
800	15	53.333333333333336
985	34	28.970588235294116
1000	29	34.48275862068966
1006	26	38.69230769230769
1100	37	29.72972972972973
1220	32	38.125
1230	35	35.142857142857146
1270	30	42.333333333333336
1280	31	41.29032258064516
1290	38	33.94736842105263
1300	39	33.333333333333336
1340	34	39.411764705882355
1350	39	34.61538461538461
1380	40	34.5
1390	47	29.574468085106382
1390	40	34.75
1400	52	26.923076923076923
1400	40	35.0
1400	33	42.42424242424242
1500	40	37.5
1550	50	31.0
1570	51	30.784313725490197
1590	45	35.333333333333336
1600	35	45.714285714285715
1600	37	43.24324324324324
1627	46	35.369565217391305
1690	56	30.178571428571427
1696	57	29.75438596491228
1700	45	37.77777777777778
1700	47	36.170212765957444
1705	75	22.733333333333334
1750	51	34.31372549019608
1750	49	35.714285714285715
1800	40	45.0
1830	64	28.59375
1726	62	27.838709677419356
1850	35	52.857142857142854
1875	42	44.642857142857146
1900	45	42.22222222222222
1930	64	30.15625
1990	61	32.622950819672134
2000	50	40.0
2044	64	31.9375
2060	69	29.855072463768117
2100	50	42.0
1922	73	26.328767123287673
2190	70	31.285714285714285
2250	66	34.09090909090909
2250	55	40.90909090909091
2300	65	35.38461538461539
2300	80	28.75
2309	88	26.238636363636363
2450	54	45.370370370370374
2471	89	27.764044943820224
2500	52	48.07692307692308
2500	32	78.125
2500	63	39.682539682539684
2500	76	32.89473684210526
2587	73	35.43835616438356
2700	101	26.73267326732673
2700	84	32.142857142857146
2750	81	33.95061728395062
2800	68	41.1764705882353
2800	60	46.666666666666664
2886	85	33.95294117647059
2900	110	26.363636363636363
3000	95	31.57894736842105
3000	101	29.702970297029704
3000	90	33.333333333333336
2840	100	28.4
3100	100	31.0
3179	72	44.15277777777778
3200	114	28.07017543859649
3200	110	29.09090909090909
3000	110	27.272727272727273
3200	105	30.476190476190474
3300	101	32.67326732673267
3300	95	34.73684210526316
3300	108	30.555555555555557
3460	103	33.592233009708735
3500	78	44.87179487179487
3650	120	30.416666666666668
3660	100	36.6
3680	112	32.857142857142854
3700	145	25.517241379310345
4500	117	38.46153846153846
4600	131	35.11450381679389
4930	117	42.136752136752136
4937	173	28.53757225433526
5100	100	51.0
5233	162	32.30246913580247
5249	162	32.401234567901234
5000	152	32.89473684210526
5307	175	30.325714285714287
5950	235	25.319148936170212
7450	180	41.388888888888886
25000	415	60.24096385542169
730	11	66.36363636363636
738	14	52.714285714285715
821	18	45.611111111111114
850	16	53.125
854	25	34.16
910	24	37.916666666666664
940	19	49.473684210526315
950	20	47.5
950	21	45.23809523809524
976	23	42.43478260869565
990	27	36.666666666666664
1190	29	41.03448275862069
1095	30	36.5
1210	40	30.25
1250	28	44.642857142857146
1255	24	52.291666666666664
1255	24	52.291666666666664
1300	32	40.625
1380	32	43.125
1500	42	35.714285714285715
1500	34	44.11764705882353
1510	29	52.06896551724138
1550	30	51.666666666666664
1560	50	31.2
1580	35	45.142857142857146
1640	47	34.8936170212766
1650	40	41.25
1665	34	48.970588235294116
1865	55	33.90909090909091
1920	64	30.0
2000	42	47.61904761904762
2000	41	48.78048780487805
2130	73	29.17808219178082
2200	57	38.59649122807018
2300	80	28.75
2500	60	41.666666666666664
3750	70	53.57142857142857
3800	138	27.536231884057973
4100	127	32.28346456692913
4300	148	29.054054054054053
4500	115	39.130434782608695
15000	347	43.22766570605187
637	14	45.5
680	14	48.57142857142857
700	18	38.888888888888886
960	20	48.0
775	20	38.75
1250	40	31.25
1380	30	46.0
1630	54	30.185185185185187
1650	50	33.0
1765	62	28.467741935483872
1900	64	29.6875
1787	77	23.207792207792206
1920	64	30.0
2132	69	30.89855072463768
2132	69	30.89855072463768
2200	60	36.666666666666664
2272	69	32.927536231884055
2400	70	34.285714285714285
2350	70	33.57142857142857
2657	40	66.425
2999	76	39.46052631578947
3000	80	37.5
3460	103	33.592233009708735
3600	124	29.032258064516128
16000	347	46.10951008645533
20000	180	111.11111111111111
2290	70	32.714285714285715
2927	116	25.232758620689655
700	14	50.0
755	19	39.73684210526316
990	24	41.25
1058	21	50.38095238095238
1095	20	54.75
1100	37	29.72972972972973
1280	29	44.13793103448276
1350	35	38.57142857142857
1400	45	31.11111111111111
1550	33	46.96969696969697
1900	64	29.6875
2200	55	40.0
3140	100	31.4
600	20	30.0
600	16	37.5
890	20	44.5
1050	30	35.0
1100	31	35.483870967741936
1650	49	33.673469387755105
2090	73	28.63013698630137
6300	112	56.25
930	16	58.125
1980	84	23.571428571428573
885	23	38.47826086956522
1060	47	22.5531914893617
1200	48	25.0
1500	38	39.473684210526315
890	20	44.5
1300	42	30.952380952380953
900	29	31.03448275862069
1150	24	47.916666666666664
840	22	38.18181818181818
928	29	32.0
981	30	32.7
1180	31	38.064516129032256
1198	33	36.303030303030305
1450	47	30.851063829787233
3000	50	60.0
875	18	48.611111111111114
998	34	29.352941176470587
1000	25	40.0
1250	31	40.32258064516129
1480	40	37.0
1900	46	41.30434782608695
2500	70	35.714285714285715
950	28	33.92857142857143
1180	27	43.7037037037037
1550	40	38.75
1333	41	32.51219512195122
1580	40	39.5
850	27	31.48148148148148
488	13	37.53846153846154
619	18	34.388888888888886
820	23	35.65217391304348
1350	32	42.1875
1475	57	25.87719298245614
1397	38	36.76315789473684
1460	52	28.076923076923077
3200	114	28.07017543859649
5000	136	36.76470588235294
790	22	35.90909090909091
800	14	57.142857142857146
810	18	45.0
940	26	36.15384615384615
898	27	33.25925925925926
1137	33	34.45454545454545
810	18	45.0
940	26	36.15384615384615
898	27	33.25925925925926
1137	33	34.45454545454545
1600	60	26.666666666666668
2097	58	36.1551724137931
733	20	36.65
12000	230	52.17391304347826
1166	27	43.18518518518518
1500	38	39.473684210526315
1900	45	42.22222222222222
1900	64	29.6875
1950	45	43.333333333333336
2000	65	30.76923076923077
2950	95	31.05263157894737
1200	20	60.0
1300	20	65.0
1400	20	70.0
1690	58	29.137931034482758
1940	40	48.5
2100	70	30.0
2490	70	35.57142857142857
1490	48	31.041666666666668
2020	58	34.827586206896555
2050	70	29.285714285714285
1220	42	29.047619047619047
1610	44	36.59090909090909
